%YAML:1.0
---
camera_matrix: !!opencv-matrix
   rows: 3
   cols: 3
   dt: d
   data: [ 7.2751531880861648e+02, 0., 3.3573062809603971e+02, 0.,
       7.2902821773214896e+02, 2.2879353141911656e+02, 0., 0., 1. ]
distortion_coeff: !!opencv-matrix
   rows: 5
   cols: 1
   dt: d
   data: [ 4.8412257817011632e-02, -1.2834569362402684e-01,
       -2.6153996114361634e-03, 5.9434689889416460e-03,
       -1.5490960578187754e+00 ]
