%YAML:1.0
---
camera_matrix: !!opencv-matrix
   rows: 3
   cols: 3
   dt: d
   data: [ 7.2751526614853071e+02, 0., 3.3573061841439954e+02, 0.,
       7.2902815643095812e+02, 2.2879351191245894e+02, 0., 0., 1. ]
distortion_coeff: !!opencv-matrix
   rows: 5
   cols: 1
   dt: d
   data: [ 4.8413605597358016e-02, -1.2835711728750807e-01,
       -2.6154098813976224e-03, 5.9435131314407958e-03,
       -1.5490614999200754e+00 ]
