%YAML:1.0
---
camera_matrix: !!opencv-matrix
   rows: 3
   cols: 3
   dt: d
   data: [ 9.8943041892653059e+02, 0., 6.4365628420546545e+02, 0.,
       9.9217579024457007e+02, 3.4238060761845566e+02, 0., 0., 1. ]
distortion_coeff: !!opencv-matrix
   rows: 5
   cols: 1
   dt: d
   data: [ 2.1321209431743060e-01, -1.7841792621899690e+00,
       -2.7971943605393538e-03, -2.8240721213348475e-03,
       8.1091090008190072e+00 ]
